27748 1.430931998582913
17326 1.2576722646316159
23313 1.1045048760878493
6269 1.1029195342433298
29668 1.008097385415167
18999 0.9856613343704486
26459 0.9485017042391861
26977 0.9159242722957348
25800 0.9156505862245081
29137 0.8847036370370163
21614 0.8799754527300581
24994 0.8782592045346874
29667 0.8707302271894736
9170 0.8632087646657273
21625 0.851359243818438
30447 0.8269033757252118
21784 0.8197632767008225
11297 0.8134737124965808
40 0.809797072970973
18263 0.7682552219687613
12379 0.7587584054900287
18770 0.7479965924242217
10279 0.7415690435203064
18083 0.7407374335283411
21519 0.7168082416900439
7872 0.7151858229254645
27259 0.7115152089470571
5098 0.7113160268052184
11850 0.7067967009427271
8091 0.7009026785747996
18997 0.6803094472933422
21582 0.6661875286577712
19388 0.6609325004843489
5405 0.6590881128538196
962 0.6504144451424281
10534 0.6382218398785852
28973 0.6322874546558301
20944 0.6269053657052238
18811 0.625870610269452
26433 0.6225037697215062
27909 0.6215363415671626
6081 0.620555967108638
24416 0.617310843235846
15186 0.6163346475382027
8899 0.601201273106385
26457 0.5992153637577954
13205 0.5978763286450054
1967 0.5972344086614378
22463 0.5963546944941284
19667 0.59167585248672
27486 0.588374844005587
27006 0.5799348457281436
10787 0.5771117124063537
18998 0.5729884843113976
23465 0.5708972237905401
14161 0.5683467391615502
22518 0.5653555337339911
21420 0.5635249958161922
17955 0.5623590784520646
9746 0.5585950690343306
21543 0.5513115734980308
1367 0.5487317793127148
21700 0.5478797887957498
23748 0.5437044186780278
22440 0.5395286533214004
7018 0.5393937939199259
8374 0.5389127368776058
17433 0.5343025248617072
3983 0.5330270970249822
16904 0.5325391384649643
13526 0.5303696911546247
30074 0.5270635412422434
19297 0.5243955926662983
12393 0.5221055180783577
28354 0.5220783308689867
9600 0.5207899825557198
16142 0.5185681058996612
11339 0.5167456478447318
11681 0.5160307048880464
2297 0.5150835123175291
18095 0.5149832452971627
19260 0.5121937643158715
24826 0.5102676811684986
30476 0.5074931746899687
21501 0.5043358431377775
7026 0.5019092840036881
15082 0.5011432839019262
21594 0.4992782337260855
10285 0.4988307104942019
15163 0.4987557337365367
25578 0.49867264944493656
16637 0.498420692170433
25803 0.4951876174354537
21516 0.4937594762050563
24424 0.49358375071906124
22915 0.49072830239422777
2176 0.4888090001107605
11043 0.48772785747999536
16718 0.4856064348697111
19935 0.48558736388602897
26435 0.4836681396685076
3977 0.4835252017678972
19256 0.4831051656298948
17349 0.48059481758258726
133 0.4805121741222613
20518 0.4796149687597834
24794 0.475282209990526
16643 0.4742848375976595
18822 0.47406300882001584
26454 0.471999829649535
29523 0.4689317661756269
16346 0.46801795600892526
3712 0.46529299597626295
23288 0.4641592820905933
959 0.4635271732677251
27492 0.46184139899499754
23681 0.4604034665559619
5887 0.460332671850498
25585 0.46016004745854905
10908 0.4600393155087322
1692 0.4584167484345538
28522 0.45781048702131705
29517 0.4575226460065555
272 0.4568130231115534
29583 0.45652068891876674
9519 0.4564751005414034
26150 0.4539516536920698
27740 0.4535182402130396
2565 0.45284760295922327
27653 0.4527798925774283
9149 0.452499685210828
24572 0.4496401022228589
30109 0.4495410326545416
24420 0.4494620918635122
27557 0.44936501317301636
23262 0.4474739363758677
24526 0.44745664462989876
18090 0.4473406335167773
5075 0.4436536471012428
7021 0.4412356282722893
16412 0.43819907663612795
7378 0.43668340763984215
16853 0.434169693003045
23316 0.4298582189710476
25147 0.4285889431947308
9684 0.4283561616108224
16452 0.42833682708304766
4757 0.4270063330427583
13301 0.42562237719228085
21690 0.4252020511809081
18771 0.4234614059355261
15616 0.42314330921488014
24172 0.42297940613422635
14452 0.4221838005772046
5464 0.4211979854395291
16203 0.41919725423063964
28182 0.41822754599448964
3463 0.4181100809073789
1365 0.4156222289644887
1997 0.41518172778714374
15858 0.41477213395957135
25678 0.4141674608404527
11203 0.41302666996672915
17359 0.412204484853279
6559 0.411731450536343
7263 0.41129513755772085
7038 0.41029441612945744
23856 0.40991387676286023
16456 0.4088013067150346
25303 0.40744415728648053
10688 0.40436225114695656
21522 0.404297392028354
21595 0.4041458640181404
25802 0.4031555367458248
1698 0.4031045023794187
18930 0.4003026961256848
17335 0.4002911891388504
21704 0.39973822450550356
898 0.3993145192537969
21406 0.3982664963367926
25257 0.39741462914690195
15441 0.39706460196421894
19361 0.39605780543297653
25774 0.3951131841583856
268 0.3937223895400846
19918 0.38929310090399694
21958 0.38706836584578636
14830 0.38692247487182513
4236 0.3851369660202455
10730 0.38407543654729503
5082 0.3814584675451734
21557 0.38106257586016623
5164 0.37963435081917474
16892 0.37653607861573024
725 0.37623959761603876
3740 0.37623034544220585
10156 0.37402750252337325
14154 0.37359881459401584
13737 0.3727740019812734
22235 0.3726134278704321
11841 0.37238289018366794
21319 0.3715908234685058
1361 0.37152174450794007
16194 0.3697645549542579
6992 0.36891505347393455
18565 0.3688743391453084
22724 0.367514089254142
20424 0.36643782350025395
10594 0.363542495891733
12383 0.3630233272743773
3330 0.3627574453788097
5987 0.3626364482260541
13204 0.3619149306046902
24610 0.3616902047234071
18926 0.3611520254575695
25961 0.36009012043361965
23395 0.35931772141945256
9969 0.3591201045888239
16119 0.3590347728202966
28081 0.35876543558533935
19258 0.3587154583931895
22866 0.3586057891578383
22522 0.35735722761249117
9858 0.356721402696857
5309 0.3558915432559057
4303 0.3549993264079493
11642 0.35484531205314956
13346 0.35483875406642734
28969 0.35326633455351775
18890 0.35324422063959854
23412 0.3532119914778802
8542 0.3529355581797783
4750 0.3526425505685903
6867 0.35222652215480466
4917 0.3517461816878446
16639 0.35105151740383733
18947 0.3502588349350206
4597 0.35022102746920625
21494 0.35021586346220374
11714 0.3500930414222903
576 0.3499123154812846
27615 0.34930912391046465
14807 0.3486741505943502
22621 0.347277767794805
273 0.3470538525841681
3879 0.3454774529027019
7611 0.3444286697713714
24836 0.3439079202741335
2147 0.34129378554332196
9738 0.34051137370905565
8579 0.33996895660124266
21681 0.33969962265614617
10318 0.3395662868155391
9146 0.3388043564371607
20873 0.33868118800156866
22730 0.3384149478686638
25670 0.3374154470712387
25856 0.3374154470712387
9737 0.3369026728606093
8561 0.33572760377428673
18673 0.33531201833740826
23018 0.3352427427791298
8878 0.33472359298448623
10705 0.3335718116495169
8578 0.3331285589997716
7025 0.33300370473313384
14332 0.33277393139499034
7027 0.33187223635617075
26456 0.3316472036915718
20517 0.33118571138222447
24153 0.33072613107604315
21405 0.3306480246816493
6837 0.33059057199336533
30470 0.33028742575371806
11859 0.329978707890599
30474 0.32991732602521123
16481 0.32959608112427713
22620 0.3288971380628564
20039 0.3286545914273252
967 0.328455783659837
13719 0.3283066037876019
15935 0.3283019750443219
3912 0.3272136202067062
26983 0.32680145348420264
4445 0.3267126822821601
22435 0.3262920500036574
26747 0.3262600161181032
47 0.3256847428533231
12942 0.32482298651956165
6928 0.3247437056979687
30661 0.3236647805245455
29100 0.3230599617413004
18240 0.32274521024205444
7192 0.3224764278951788
3914 0.32196893154836337
19257 0.32167248492353034
29135 0.3214411143241671
9570 0.3214230050042856
19287 0.3179521073539595
23292 0.3176382988094876
24574 0.31761983403778205
30291 0.3165855619809419
5198 0.31644543467560293
6821 0.3163587143495982
15601 0.3159927524084528
4007 0.3158782908752022
13240 0.3157915441919589
9948 0.3156919450055348
4879 0.31542420166957347
13929 0.31473574889352923
13304 0.3145473749949123
23458 0.3135935392389709
746 0.31246165391908576
13393 0.31244929388930237
13978 0.31082714761133384
14190 0.31076672290222407
30091 0.3103510862930909
16895 0.3097099796206063
327 0.3094464906126096
1238 0.3093642083601189
30659 0.3092481027673494
20943 0.3092439297901149
11579 0.30923569940488943
28050 0.3090385420225138
4925 0.30783582837961115
5308 0.3076993233536029
8011 0.30756884702373405
15760 0.3074352218992416
13918 0.3068298321544734
15222 0.30669739074788516
20805 0.30669739074788516
25447 0.30631719380958033
25611 0.3062087322091669
3363 0.3060444053245457
5455 0.30551581142482703
27485 0.3050061996823482
415 0.30453907017711807
3422 0.30340041586915695
20508 0.30160153244991417
4973 0.30144977628574077
23665 0.3011699143291384
15785 0.30041171235346215
19927 0.3002146692819292
22919 0.3000914691003981
20671 0.2987852167535881
19398 0.2981180656854318
15623 0.2981180656854318
15552 0.2979874451590194
5029 0.2976758836798954
28713 0.29753042379127786
8126 0.29742746227583816
11024 0.2963979650251563
15296 0.29630175456382213
14162 0.296277293505286
8734 0.2962420454353701
21785 0.2961949467954659
19996 0.29454905960760164
22916 0.29344913845580806
973 0.29284703880269836
19922 0.2922060338884333
5965 0.2914169573027696
21057 0.29125627115448005
24762 0.2902952082772512
3362 0.2896326094888569
3910 0.2892597932198904
1540 0.28776788647558327
6805 0.28658358336782747
25572 0.286196176391284
15444 0.2856055062180801
12247 0.2854379221969525
8365 0.2852778125761487
19269 0.28509971975431736
15581 0.285082119806698
27247 0.2844491333665146
25701 0.2836058209181622
11388 0.2833766236669628
25135 0.28278627945018103
8120 0.2824373320090516
10644 0.2822192893126381
30237 0.2819610776014504
9022 0.28079621580985126
5964 0.28074708775496454
14451 0.2805032382060089
28721 0.2801166938031803
1262 0.2800548964473872
4656 0.2797177436217618
6750 0.27969747297465447
20503 0.27963176850566673
11764 0.27956987722364063
13126 0.27951126270478716
13697 0.2791461087024877
11957 0.2788432335044015
7623 0.27856839385292587
10559 0.27755462519929613
20823 0.27652879661974944
25941 0.2762847762613295
16680 0.2756868284720572
26139 0.2750848872901486
17435 0.2749525779573929
21633 0.27493110502100937
3153 0.27493110502100937
2700 0.27493110502100937
13439 0.27394442812023434
11069 0.27377865199980717
10481 0.2737442145329637
24507 0.27348148093980884
27677 0.2732117702252001
13740 0.27298675998264577
13241 0.27267029843710994
26749 0.2724094482357992
8394 0.27198743686808863
16636 0.2714875537235322
25298 0.26969361753687887
26351 0.2696444836040842
25174 0.2692044557033048
16649 0.26869372763009075
11032 0.26804950790213156
19000 0.2680134718116162
14158 0.2678845561306423
8332 0.2669842914812104
25317 0.26672519913450554
2872 0.2667209008393871
2971 0.26623579025255745
21789 0.2661883936227394
23141 0.26597579436363894
2185 0.2655830160112544
13492 0.2648150301663992
13723 0.2643059875047704
19656 0.26326057985465634
1377 0.2632319090626685
9718 0.26299168045581767
16903 0.2628553054028509
8900 0.26256849791344045
3748 0.2611120325305009
16447 0.26099916122843786
15300 0.2607453517898953
10956 0.2604610468620088
26822 0.2604610468620088
13735 0.2598809844717489
6155 0.25985618922062104
9860 0.25962315754270315
11037 0.25937650183075367
17024 0.25915633625314666
15248 0.2591084191859097
1568 0.2586220660163493
14187 0.2583970039375347
17099 0.2579937190359829
13507 0.25776509456018104
23010 0.2574630535124796
29505 0.2571556685372839
436 0.25689976298040623
20669 0.25656603605518785
15191 0.25642551492262633
14159 0.2562173612648562
1823 0.2557294269380518
25787 0.25544019070102747
5749 0.25544019070102747
20244 0.2547829117379435
18945 0.25407807682637934
21383 0.2538139129131226
21080 0.2536583719225729
4866 0.2535495652647972
26116 0.2525760476496668
27227 0.2519157599200032
13834 0.25152058814822376
11523 0.251508053024969
4232 0.2513312975841646
21547 0.2511977234640329
11040 0.25098719942000897
10691 0.2507139596554045
17458 0.2501992531470896
16186 0.24872738907581746
26422 0.24867930076151806
13934 0.2484291881206411
17746 0.24805316865419155
30083 0.24748182751217798
1998 0.24743799451890844
29318 0.24723543457297822
4967 0.24684588299403715
28069 0.24592556502713542
11041 0.2457761379584047
27477 0.24551611787412828
23730 0.24542423449446527
9254 0.24438320446311942
20918 0.24413769886621065
20675 0.24367524835365498
9164 0.2431778691324699
22169 0.24291119411864262
20262 0.2428815086699505
25746 0.24277195780705682
13867 0.242769884182934
21201 0.2425689156380574
16845 0.24226366661693427
25543 0.24143776680271822
11384 0.2411860381181008
242 0.2410215436338696
14198 0.2410155036487928
13491 0.24092227962818108
10572 0.24089722308698433
441 0.23997244338584306
